.Random.seed <-
c(403L, 10L, -1171280519L, 1253653448L, 2089035766L, 1990126129L, 
452164707L, -2134440910L, -8928892L, -1806522425L, 620898973L, 
-1353033196L, 1200412858L, 184231173L, -2071990561L, -700239002L, 
1525289712L, -1093471725L, -1975575631L, 844596832L, 330335230L, 
-790357111L, 1454058683L, 1479723146L, -179840148L, 370917615L, 
-1993635035L, 781137372L, -1525501006L, -1626482003L, -1217113497L, 
1721577870L, -786205080L, 1111040619L, -289555447L, 1540817560L, 
1132852678L, -302967519L, -1425238605L, 915874082L, 1458166548L, 
-436788329L, -103707763L, 534517412L, 382343306L, 809934581L, 
-1847918257L, -335417770L, -566987520L, -1372093L, -893369375L, 
1374763856L, 1113968046L, 1249575769L, -1949292181L, -596086566L, 
9943452L, -315734625L, 2115008501L, 1946482316L, -392092830L, 
-1183872195L, -1521345609L, 2037895262L, -611218024L, -323741445L, 
1478026393L, 960963880L, -914119722L, -1814865839L, -1680573693L, 
18750098L, -617936860L, 560633575L, 323980093L, -1874209868L, 
-1047109606L, -69164187L, -1350935041L, -1205415802L, -1492689904L, 
-1752432973L, 1049464145L, 559269120L, -1105760290L, -692589527L, 
449006555L, -319180566L, 510025356L, -173645361L, 788166021L, 
950701628L, -1695775982L, -1681760243L, -1144143033L, 1472264494L, 
1019097224L, 89347467L, 1780436329L, -888684744L, -282844698L, 
1084437889L, -715986669L, 851683010L, -1561869964L, 459217271L, 
126593645L, -1304730364L, -919535574L, 1311923605L, 1316069935L, 
-1347244234L, -741691552L, 1018336675L, 830742209L, -1429170512L, 
-2003037746L, -1052097223L, 930224459L, -918164742L, -2015638532L, 
-694457281L, 1742419221L, -1936155092L, 1943937794L, -1013293091L, 
-1663313193L, 1292948926L, -193712136L, 598993883L, 593626681L, 
1339305864L, -2081329354L, 2068491633L, -1541814365L, -1217949966L, 
-218704316L, 223500551L, -1629093667L, 1701594580L, 1383373050L, 
812089413L, -1025415009L, 72430118L, -1979283792L, 241429331L, 
200541809L, 1031646112L, -316392642L, 1722778185L, -1601014021L, 
1204782794L, 1584871468L, 226877487L, 1252335845L, 2113653148L, 
-775244814L, 2043833965L, 1548671911L, 93726158L, 209163048L, 
149829931L, -994344119L, -1401493416L, -734917370L, 2672865L, 
1696342131L, 20856034L, 1571646548L, 444125527L, -667242163L, 
1471808740L, 188356810L, -1494813387L, -957523057L, -1047322474L, 
-961888192L, 476080387L, 1899971873L, -867351024L, 488257006L, 
948660633L, 1523787307L, 270151450L, 1671296476L, 285301727L, 
-1663358027L, -1176627892L, -1794956382L, -1005090051L, 275149815L, 
82169118L, -372281384L, 1658052923L, -2063173927L, -1856411032L, 
1029176214L, 1248616209L, 315099331L, 892917970L, 993025380L, 
-286596953L, -2023229955L, -2061719564L, -461721382L, 76792357L, 
-1659117761L, 1280224454L, -96116400L, -1707298445L, 1859795857L, 
-1006735936L, -1239865442L, -872777367L, -794715749L, -1290965846L, 
1819949772L, -1192410225L, 857913285L, 1973468028L, -879983662L, 
1797804877L, -120647161L, 562999790L, -1479193400L, -730119221L, 
632309289L, -687207304L, -948205146L, -1516408446L, -2015414040L, 
1397603052L, -250526404L, 878170226L, 2070155888L, -554685916L, 
557111352L, 560146714L, 70665424L, 572426556L, -970554476L, -1603487870L, 
925813696L, 212379196L, 1287610768L, -1944414174L, -1139481336L, 
1182849164L, 1312599836L, 12489874L, -1059195520L, -483250156L, 
-339093720L, -1920530886L, -101641776L, -901392020L, 1112454068L, 
-1813599726L, -950638624L, -546616884L, -2121541408L, -906630110L, 
-201665752L, 567597580L, 1052975932L, -1686839310L, -1715055888L, 
1094695492L, 638807640L, -329156806L, -1634594832L, 1719091900L, 
-702163692L, -1851532094L, 346016864L, -1010338436L, 1979322320L, 
-2113634014L, -825272664L, 573855628L, -1287809860L, -165819598L, 
1371866688L, 1450276020L, 675521608L, 1297589690L, -443799024L, 
-398934804L, 1204535636L, -1381723374L, -612389472L, -861799732L, 
1250851424L, 448577474L, -237743320L, -1070286420L, 1688833340L, 
-39027854L, -1097220816L, -1485854940L, -696187592L, 618989274L, 
65945488L, -1833444612L, 1636715412L, -320396222L, 1059616000L, 
-934709188L, 857111888L, 1776096418L, -451744952L, -1670357236L, 
1968283356L, 1241214802L, 396899968L, 562813012L, 1800086504L, 
1569250042L, -1801665200L, -1962430676L, 1946502004L, -1181551726L, 
-499015072L, 1783084940L, -991185056L, 562934754L, 673377192L, 
-1601995572L, -62834180L, -1870846030L, -928205328L, -1546054204L, 
-962926248L, 1108483450L, 1783176624L, -1160088644L, -1422213036L, 
1979486146L, 1073074208L, -1047875396L, -613840304L, 252778466L, 
69877352L, -1199501748L, 2033131772L, 445802482L, 1906345216L, 
-1725049996L, 1833652232L, 346165690L, 371092944L, 1722168300L, 
8211348L, -1123865646L, -1679612064L, -1527037620L, -2137681632L, 
1652703106L, -873781528L, -1338205972L, -1960995268L, -1556974734L, 
76568176L, -37354460L, -478298312L, -1641252710L, -555737392L, 
36838588L, -2011542892L, -21851518L, -1873395520L, -1900907204L, 
-1078298480L, 2057967138L, -1156623864L, -1724162804L, -2078256484L, 
-876575214L, -968324736L, 689682964L, -231453144L, 1291981114L, 
-189187120L, -2102985108L, -1147931852L, 1646334610L, -1452391072L, 
1890172236L, -447958048L, -1880911966L, 1852514216L, -1612388468L, 
-693327172L, 1240175474L, -784013072L, 1496040516L, -585300648L, 
-2001575878L, -820284560L, 811922492L, 904690452L, -1726970430L, 
2021293280L, -1137549444L, -824092976L, 2034821794L, 503432232L, 
1912615180L, -277562436L, 902323506L, -1874311232L, 1629566516L, 
-1022737464L, -158073670L, 1184391056L, -1125072404L, 1074205780L, 
1699334802L, -521409760L, -1558271540L, -322571296L, -1228927294L, 
175330856L, 1043975852L, -565543236L, 802669042L, -185798352L, 
245106852L, 1727609528L, -2058930342L, 1020349840L, -98951812L, 
-1267136236L, -611515070L, -1625009408L, -409844804L, 936178512L, 
746052898L, 979175752L, -2120098804L, 1837831260L, -1301838638L, 
795800576L, 1546184532L, 1691474408L, 143172602L, -1831836976L, 
-961131220L, -776452876L, -1846815854L, -1453419424L, -1199343348L, 
603714272L, 1229405538L, 12138152L, -1690018228L, 160762175L, 
-2081370231L, -1960898658L, -602104244L, -1896740835L, 1941592487L, 
676019408L, 1497570926L, -1422284517L, 303868541L, -432353174L, 
-931463928L, 142559665L, 870481443L, -1498596572L, 907488210L, 
1540945959L, -1983237519L, -1806378826L, 1806065748L, -781156123L, 
-1026876177L, 93851688L, -1398487930L, 76099251L, -89395179L, 
1011851890L, 387567296L, 1326203689L, -1981714021L, 761251436L, 
-327415174L, 1732389807L, -414257479L, -1042628402L, 366221852L, 
719532429L, -406110217L, -731405568L, 2026068318L, 65313323L, 
-1537993427L, -979220070L, -198088872L, 21483201L, 222286195L, 
1493957268L, 258604834L, 1202326071L, -750846207L, -1829267962L, 
-851637180L, 673344885L, 2015252703L, -237980616L, 1358238742L, 
-1245637597L, -682478619L, 739325442L, 973757552L, 1384483353L, 
-844176373L, 631891708L, 751591210L, -409824929L, -1225996055L, 
448958462L, 1117643756L, 1422493501L, -1637639417L, 1008694000L, 
-1441465714L, -1673677637L, 630874269L, 414166090L, 1164310120L, 
847739473L, 249325891L, 1399636036L, 590451442L, -702694713L, 
-1281853295L, 791381526L, 2141299828L, -520986875L, 317418831L, 
-2031456440L, 1007191782L, -249919469L, -1205424267L, 549519186L, 
1803933600L, 918794889L, -1957448005L, -802433780L, -1943963494L, 
-1636352497L, 309066329L, 232150766L, -1232059012L, 15115757L, 
-1638088041L, 920092000L, -730871490L, -1706249717L, 2064164493L, 
11586490L, -201891336L, -1015542367L, 1533109075L, 1394707060L, 
-243676158L, -1628053865L, 1696573537L, 1192830118L, 1794806948L, 
-214223531L, 2100985343L, 798504088L, 41198006L, -896296381L, 
2112208773L, -352043998L, 2013081360L, 1063561913L, -727294101L, 
70737500L, -1347927158L, -1319838849L, -644184375L, 1124847454L, 
-263719924L, 985125853L, 799815399L, 1947645712L, -630970834L, 
1484750043L, -1478872643L, -1403572438L, -38004792L, 1642614001L, 
-31743389L, 2084111972L, -1287484014L, -1620186521L, -1099832783L, 
